//************************************************
// Board: 5202
// File Format Version 3.4
// Janus Release 4.3.0
// Acquisition Mode: Spectroscopy
// Energy Histogram NBins: 4096
// Run start time: Mon Jul  6 20:53:53 2026 UTC
//************************************************
Brd  Ch       LG       HG        TStamp_us        TrgID    NChs
  0  00     1573     2571          288.696            0       24
  0  01       30       29 
  0  02       31      204 
  0  03       32       32 
  0  04      100      833 
  0  05       34       37 
  0  06       22      132 
  0  07       36       36 
  0  08       48      170 
  0  09       33       31 
  0  10       37       61 
  0  11       37       37 
  0  12      103      746 
  0  13       29       46 
  0  14       25      231 
  0  15       37       28 
  0  16       20        0 
  0  17       32       38 
  0  18       97     1137 
  0  19       28       35 
  0  20       79      804 
  0  21       31       33 
  0  22       86      761 
  0  23       31       30 
  0  00     1343        0         1288.696            1       24
  0  01       29       25 
  0  02       61      560 
  0  03       34       27 
  0  04       27       82 
  0  05       38       37 
  0  06        0        0 
  0  07       28       22 
  0  08       38       36 
  0  09       32       27 
  0  10       14        0 
  0  11       27       30 
  0  12      218     2053 
  0  13       34       32 
  0  14        0        0 
  0  15       30       23 
  0  16       84      828 
  0  17       30       31 
  0  18      179     1786 
  0  19       28       25 
  0  20       28       37 
  0  21       29       31 
  0  22      182     1568 
  0  23       34       30 
  0  00     1382      425         2288.696            2       24
  0  01       28       33 
  0  02       26       12 
  0  03       34       38 
  0  04       60      336 
  0  05       31       40 
  0  06       76      612 
  0  07       36       34 
  0  08       19        9 
  0  09       34       31 
  0  10       34      107 
  0  11       30       30 
  0  12       99      634 
  0  13       25       31 
  0  14       13        0 
  0  15       31       30 
  0  16      251     2073 
  0  17       35       36 
  0  18      444     4018 
  0  19       38       31 
  0  20      202     1916 
  0  21       27       38 
  0  22      104     1108 
  0  23       35       33 
  0  00     1402      661         3288.696            3       24
  0  01       22       24 
  0  02      123     1033 
  0  03       30       32 
  0  04       51      188 
  0  05       33       40 
  0  06       49      344 
  0  07       30       28 
  0  08       11        0 
  0  09       34       31 
  0  10        8        0 
  0  11       42       38 
  0  12       14        0 
  0  13       31       30 
  0  14       37      248 
  0  15       29       32 
  0  16       86      513 
  0  17       35       40 
  0  18      281     2659 
  0  19       32       33 
  0  20      138     1239 
  0  21       24       33 
  0  22      119      974 
  0  23       34       31 
  0  00     1490     1701         4288.696            4       24
  0  01       31       27 
  0  02        0        0 
  0  03       36       34 
  0  04      194     1889 
  0  05       33       31 
  0  06       69      475 
  0  07       30       30 
  0  08       86      662 
  0  09       32       32 
  0  10       36      142 
  0  11       36       31 
  0  12      132     1014 
  0  13       37       32 
  0  14       51      293 
  0  15       32       24 
  0  16      247     2459 
  0  17       38       29 
  0  18       69      435 
  0  19       38       35 
  0  20       12        7 
  0  21       30       30 
  0  22      105      888 
  0  23       36       30 
  0  00     1362       69         5288.696            5       24
  0  01       32       36 
  0  02       46      262 
  0  03       30       34 
  0  04       39      272 
  0  05       39       29 
  0  06       40      216 
  0  07       35       29 
  0  08       11        0 
  0  09       36       28 
  0  10       26      174 
  0  11       29       34 
  0  12       27       50 
  0  13       36       29 
  0  14      100      931 
  0  15       34       33 
  0  16      172     1405 
  0  17       29       29 
  0  18      129      865 
  0  19       36       40 
  0  20      234     2204 
  0  21       43       37 
  0  22       61      360 
  0  23       36       33 
  0  00     1419      795         6288.696            6       24
  0  01       33       24 
  0  02       69      502 
  0  03       34       36 
  0  04       24       19 
  0  05       35       28 
  0  06       16        7 
  0  07       29       32 
  0  08        0        0 
  0  09       29       30 
  0  10       26      106 
  0  11       32       30 
  0  12      112     1022 
  0  13       30       34 
  0  14       67      452 
  0  15       33       27 
  0  16      120     1028 
  0  17       26       32 
  0  18      313     3248 
  0  19       26       37 
  0  20        0        0 
  0  21       36       29 
  0  22      139     1169 
  0  23       32       28 
  0  00     1506     1950         7288.696            7       24
  0  01       29       33 
  0  02        0        0 
  0  03       34       23 
  0  04       89      834 
  0  05       29       26 
  0  06       69      438 
  0  07       29       34 
  0  08       23       97 
  0  09       30       36 
  0  10       30      185 
  0  11       25       43 
  0  12       55      345 
  0  13       32       21 
  0  14       36      212 
  0  15       32       41 
  0  16      187     1697 
  0  17       29       41 
  0  18      203     2033 
  0  19       29       36 
  0  20       38      515 
  0  21       30       23 
  0  22       74      541 
  0  23       28       27 
