//************************************************
// Board: 5202
// File Format Version 3.4
// Janus Release 4.3.0
// Acquisition Mode: Spectroscopy
// Energy Histogram NBins: 4096
// Run start time: Mon Jun 29 17:26:11 2026 UTC
//************************************************
Brd  Ch       LG       HG        TStamp_us        TrgID    NChs
  0  00     1005      932          403.184            0       12
  0  01     1009      961 
  0  02      998      939 
  0  03     1005      952 
  0  04      985      918 
  0  05      982      921 
  0  06      979      920 
  0  07      969      907 
  0  08      992      912 
  0  09      979      893 
  0  10      978      894 
  0  11      969      887 
  0  00     1003      936         1403.184            1       12
  0  01     1009      962 
  0  02     1004      950 
  0  03     1001      946 
  0  04      991      928 
  0  05      987      926 
  0  06      987      920 
  0  07      972      914 
  0  08      998      912 
  0  09      986      896 
  0  10      983      906 
  0  11      974      891 
  0  00     1003      955         2403.184            2       12
  0  01     1005      962 
  0  02      998      939 
  0  03     1000      959 
  0  04      996      913 
  0  05      992      918 
  0  06      975      927 
  0  07      975      911 
  0  08      995      916 
  0  09      980      897 
  0  10      976      904 
  0  11      973      903 
  0  00     1000      943         3403.184            3       12
  0  01     1016      958 
  0  02      997      939 
  0  03     1010      946 
  0  04      992      929 
  0  05      994      942 
  0  06      972      926 
  0  07      965      912 
  0  08      991      915 
  0  09      973      898 
  0  10      974      902 
  0  11      977      893 
  0  00      999      947         4403.184            4       12
  0  01     1018      952 
  0  02      999      946 
  0  03      999      946 
  0  04      996      920 
  0  05      988      915 
  0  06      991      923 
  0  07      966      902 
  0  08      990      931 
  0  09      977      899 
  0  10      988      903 
  0  11      983      889 
  0  00     1002      947         5403.184            5       12
  0  01     1013      968 
  0  02      996      945 
  0  03     1008      949 
  0  04      998      929 
  0  05      988      929 
  0  06      986      932 
  0  07      974      910 
  0  08      991      921 
  0  09      981      902 
  0  10      977      907 
  0  11      977      896 
  0  00      998      951         6403.184            6       12
  0  01     1011      962 
  0  02     1004      951 
  0  03     1002      943 
  0  04     1003      923 
  0  05      977      927 
  0  06      982      926 
  0  07      983      901 
  0  08     1001      917 
  0  09      980      893 
  0  10      977      917 
  0  11      975      890 
  0  00     1011      937         7403.184            7       12
  0  01     1016      960 
  0  02      991      936 
  0  03     1011      946 
  0  04      994      928 
  0  05      986      919 
  0  06      976      922 
  0  07      965      907 
  0  08      994      915 
  0  09      974      899 
  0  10      980      899 
  0  11      982      891 
  0  00     1001      939         8403.184            8       12
  0  01     1013      955 
  0  02      994      938 
  0  03     1000      943 
  0  04      997      922 
  0  05      988      919 
  0  06      979      923 
  0  07      965      901 
  0  08      997      914 
  0  09      970      896 
  0  10      977      903 
  0  11      971      889 
  0  00     1009      943         9403.184            9       12
  0  01     1020      947 
  0  02      998      945 
  0  03      998      949 
  0  04      998      922 
  0  05      990      922 
  0  06      977      912 
  0  07      978      908 
  0  08      999      905 
  0  09      973      893 
  0  10      985      917 
  0  11      980      892 
